Afición	Q47728	2002-01-15	2420	0	2	2348	713	520820	160	103	79	0	0	Hobbies					
Afectividad	Q2826051	2006-02-27	7303	3	8	2781	861	678696	208	95	125	0	0						
Acompañamiento_musical	Q504514	2008-07-15	3097	1	0	190	2300	139173	43	22	19	0	0	Accompaniment					
Alambre	Q551997	2007-05-26	19203	9	5	254	1433	452900	139	73	70	0	0	Wires	Wire				
Agente_biológico_patógeno	Q170065	2004-05-09	32075	4	13	2489	1099	979616	301	149	260	0	0						
Alzado	Q1779895	2006-05-20	1437	1	0	0	1247	144563	44	25	22	0	0	Architectural elevations					
Ambientación_sonora	Q5672073	2005-10-28	11744	1	10	0	1775	65790	20	8	6	0	0						
Alta_Edad_Media	Q202763	2003-09-19	21660	4	3	3955	1999	1332730	409	326	339	0	0	Early Middle Ages					
Alergia	Q42982	2002-02-03	76193	6	50	4537	2687	1121724	344	109	136	0	0	Allergies	Allergy				
Anexo:Colores	Q10291312	2007-08-28	61031	6	90	0	837	548783	168	88	96	0	0	Colors					
Anexo:Comparativa_de_navegadores_web	Q2416019	2005-05-02	66594	0	27	0	260	122472	38	21	18	0	0						
Anexo:Definiciones_usuales_en_planificación_de_proyectos	Q26180896	2013-06-25	22949	0	1	0	143	23371	7	3	2	0	0						
Anexo:Uso_global_de_Internet	Q15542961	2014-02-19	8197	10	15	0	181	2514	1	1	1	0	0	Internet by country					
Anexo:Motores_de_búsqueda	Q1750631	2008-05-24	3849	0	0	0	286	96216	30	10	11	0	0	Internet search engines					
Anexo:Formatos_de_archivo	Q914874	2016-12-09	20606	11	1	0	446	43701	13	8	7	0	0						
Antibiótico	Q12187	2003-03-19	83576	6	83	18243	3769	2706180	831	338	400	0	1	Antibiotics					
Anticuerpo	Q79460	2003-07-30	95188	17	114	9238	4079	2883297	885	240	263	1	0	Antibodies					
Anticoncepción	Q122224	2004-02-13	127035	18	184	17572	4467	1512829	464	217	86	0	0	Contraception					
Antigua_Grecia	Q11772	2003-12-08	113301	31	85	12363	1799	8669839	2661	1851	1880	0	0	Ancient Greece					
Antigua_Roma	Q1747689	2003-12-04	81989	15	28	16174	3299	5276218	1619	1484	1383	0	0	Ancient Rome					
Antiviral	Q846227	2007-01-18	19734	1	7	206	767	759753	233	93	109	0	0	Antivirals					
Análisis_de_costo-beneficio	Q942582	2008-03-03	7125	1	4	1060	1574	679463	209	42	33	0	0	Cost–benefit analysis					
Análisis	Q217602	2019-03-08	19100	1	3	68	790	1597583	490	276	400	0	0	Analysis					
Análisis_estructural	Q1762403	2006-02-20	8962	1	1	0	917	489985	150	71	66	0	0	Structural analysis					
Aparato_genital_femenino	Q844342	2006-03-08	8104	2	4	14860	2187	8033435	2466	1328	1227	0	0	Female reproductive system					
Archivo_(informática)	Q82753	2003-08-15	18379	2	2	7626	436	2800479	860	367	333	0	0	Files					
Arte_del_siglo_XX	Q4630639	2008-07-30	10238	1	4	675	810	950452	292	135	148	0	0	20th-century art					
Aparato_reproductor_masculino	Q842083	2005-03-27	18986	11	12	5441	1273	9996687	3068	1614	1514	0	0	Male reproductive system					
Articulación_(música)	Q372923	2008-11-21	21188	12	12	53	942	272134	84	60	53	0	0	Articulation (music)					
Autobiografía	Q4184	2005-03-02	19901	5	5	0	1325	3636026	1116	356	413	0	0	Autobiographies					
Barra_de_direcciones	Q900604	2013-11-21	3814	8	1	290	845	272479	84	36	30	0	0	Address bar					
Baja_Edad_Media	Q212976	2006-02-28	20190	8	10	2275	689	814151	250	306	317	0	0	Late Middle Ages					
Barómetro	Q79757	2005-02-13	20832	7	20	1583	921	1886826	579	293	270	0	0	Barometers	Barometer				
Base_(aritmética)	Q843684	2011-03-23	2382	0	1	221	985	171089	53	28	30	0	0						
Bacteria	Q10876	2002-01-10	139740	41	173	15332	5882	10146037	3114	1309	1605	0	1	Bacteria					
Bien_de_primera_necesidad	Q3494251	2013-02-09	1994	0	2	0	1363	127623	39	6	6	0	0						
Bien_económico	Q28877	2006-05-07	22127	2	18	2118	834	2169151	666	327	407	0	0	Goods (economics)					
Biolixiviación	Q864460	2015-11-20	14779	0	3	0	1000	78211	24	11	10	0	0						
Biorremediación	Q816441	2004-01-19	53794	4	41	2171	4182	655209	201	84	102	0	0	Bioremediation					
Blog	Q30849	2001-09-26	46595	2	18	12940	1226	7239343	2222	350	321	0	0	Blogs					
Boceto	Q5078274	2006-06-02	24331	50	22	476	6823	861086	264	146	176	0	0	Sketches					
Calentamiento_deportivo	Q760132	2007-10-16	6316	1	5	95	406	3105580	953	278	354	0	0	Sports warm-ups	Sports warm-ups				
Cambio_físico	Q3240978	2017-06-28	3379	1	1	0	2016	1457820	447	277	350	0	0						
Calentamiento_global	Q7942	2003-08-10	71544	7	73	34309	10880	11573488	3552	1596	1513	0	1	Global warming					
Calidad	Q185957	2004-01-29	26655	0	10	5500	1177	2594979	796	245	299	0	0	Quality					
Cambio_tecnológico_(concepto)	Q20013708	2015-05-13	11786	2	10	3280	1139	1210523	372	152	121	0	0						
Campaña_publicitaria	Q1761818	2006-10-17	2398	1	1	0	1623	348032	107	41	60	0	0						
Canon_(arte)	Q3655495	2010-04-02	5788	1	6	981	468	500266	154	84	75	0	0						
Cartón	Q389782	2004-07-22	9100	4	3	298	637	958227	294	126	120	0	0	Cardboard					
Cartel	Q429785	2004-11-27	15415	10	2	4822	6812	1966885	604	280	357	0	0	Posters					
Cartón_ondulado	Q7463524	2004-07-20	8731	2	0	2588	620	113408	35	14	14	0	0	Corrugated fiberboard					
Censo_(estadística)	Q39825	2004-02-13	23886	5	20	3749	2372	1786134	548	227	357	0	0	Census					
Chat	Q287198	2004-08-06	10767	2	2	2512	1142	1378692	423	384	591	0	0	Chat software					
Cerámica_técnica	Q1936199	2004-10-16	22109	2	0	1467	1408	335154	103	35	28	0	0	Ceramic engineering					
Centro_cultural	Q1329623	2007-03-21	2187	0	1	1235	1574	240543	74	26	28	0	0	Cultural centers					
Ciclo_sexual_femenino	Q83864	2003-08-22	53688	4	75	3591	500	2745009	843	335	410	0	0	Menstrual cycle	Menstrual cycle				
Ciencias_de_la_comunicación	Q1078351	2004-08-10	24275	5	13	2498	2429	1231886	378	172	198	0	0	Communication studies					
Circuncentro	Q3797607	2012-02-20	3558	3	5	0	797	162144	50	60	81	0	0						
Cilio	Q180436	2005-05-28	81533	14	76	16918	1969	954511	293	137	149	0	0	Cilia					
Ciudad-Estado	Q133442	2004-08-02	27865	19	15	14026	366	712892	219	178	177	0	0	City-states					
Ciudadano	Q1020994	2004-04-05	21483	2	19	5532	579	2674618	821	452	493	0	0						
Civilizaciones_andinas	Q3122657	2005-09-25	48969	44	7	6481	4563	1870344	574	343	231	0	0						
Civilización	Q8432	2003-10-17	39358	5	30	12362	3929	2582685	793	503	446	0	0	Civilizations					
Clamidiasis	Q20078723	2007-07-15	21195	4	8	399	1186	1114493	342	68	78	0	0						
Civilización_mexica	Q12542	2003-09-02	73031	32	31	93904	3242	1358418	417	1134	1171	0	0	Aztec					
Clima	Q7937	2003-06-07	48873	7	15	16523	3804	9536890	2927	2191	2060	0	0	Climate					
Cohesión_social	Q553270	2005-04-07	34285	0	48	0	2364	494788	152	76	84	0	0						
Collage	Q170593	2005-08-28	22460	3	13	830	706	2060173	632	323	374	0	0	Collages	Collage				
Colores_web	Q376346	2003-08-31	27692	1	6	630	335	635025	195	120	107	0	0						
Complejidad_social	Q7551001	2018-11-08	25857	1	41	2250	584	35237	11	10	11	0	0						
Composición_fotográfica	Q107393962	2005-08-31	19486	15	2	2355	294	556726	171	55	50	0	0	Photographic composition					
Computadora_personal	Q16338	2003-07-22	14116	3	1	6657	1255	1917006	588	395	467	0	0	Personal computers	Personal computer				
Comunicación_organizacional	Q1937189	2008-10-13	36079	0	15	85	269	1009675	310	38	39	0	0						
Computadora	Q68	2003-07-26	36198	7	16	88698	5030	12445866	3820	2166	2708	0	0	Computers	Computer				
Comunicación	Q11024	2003-07-18	35407	19	14	14734	1466	14248271	4373	2014	2150	0	0	Communication	Communication				
Condición_física	Q8349689	2004-11-09	2352	0	0	194	642	1523700	468	383	484	0	0						
Confort	Q1367353	2006-12-04	2121	3	5	731	1391	259522	80	32	38	0	0						
Confluencia	Q723748	2006-10-03	2612	2	0	0	1311	145987	45	29	30	0	0	Confluences					
Conflicto	Q180684	2004-11-15	32114	0	16	7046	322	5227117	1604	762	916	0	0	Conflict					
Construcción	Q3875186	2004-09-18	24949	5	27	1901	2259	1459564	448	223	226	0	0	Construction					
Control_de_calidad	Q827792	2004-01-29	14807	1	6	1245	1367	1161970	357	88	96	0	0	Quality control					
Coordenadas_cartesianas	Q62912	2003-10-16	20364	9	3	4448	3439	5684514	1745	833	890	0	0	Cartesian coordinates					
Cortar,_copiar_y_pegar	Q1058748	2007-07-06	7972	2	3	1877	1960	1061884	326	74	82	0	0	Cut, copy, and paste					
Corte	Q196751	2015-02-17	2868	2	1	49	1807	230947	71	39	40	0	0	Cutting					
Correo_electrónico	Q9158	2003-08-31	35751	4	26	9600	1769	6682304	2051	835	603	0	0	E-mail					
Coste	Q240673	2007-08-19	11106	0	2	3324	1421	920418	283	102	149	0	0	Costs					
Croquis	Q217106	2006-11-12	2393	1	1	458	973	1960311	602	251	320	0	0	Sketches					
Coste_de_oportunidad	Q185715	2006-04-25	9577	0	1	594	950	1164234	357	117	151	0	0						
Cuadrilátero	Q36810	2003-07-22	55312	13	52	5732	1357	3800144	1166	630	561	0	0	Tetragons					
Cuero	Q286	2006-01-08	27411	5	20	2567	2352	966642	297	144	126	0	0	Leather					
Cultura	Q11042	2002-05-13	79850	10	34	27206	1213	11099843	3407	1225	1433	0	0	Culture					
Célula_eucariota	Q3307661	2002-10-24	16202	4	5	8484	1818	8913209	2736	1489	1650	0	0	Eukaryotic cells					
Círculo	Q17278	2002-01-31	12885	9	7	16876	356	2516030	772	436	474	0	0	Circle geometry	Circle geometry				
Cultura_maya	Q28567	2003-10-20	220792	66	377	53797	6294	22455686	6892	4544	4318	1	0	Maya civilization					
Célula	Q7868	2004-03-08	83637	23	87	33401	3853	16997616	5217	1841	2175	0	1	Cells					
Decantación	Q661953	2007-02-23	4751	2	4	3337	1426	2727100	837	268	281	0	0	Decantation					
Deporte_en_Chile	Q3647968	2005-11-01	121353	22	144	19785	5474	216804	67	45	31	0	0	Sports in Chile					
Derecho_de_autor	Q38746	2003-08-13	101443	4	57	28877	1622	2857549	877	340	369	0	0						
Deporte	Q349	2002-02-17	34167	7	37	20181	1694	7740139	2376	1082	1002	0	0	Sports	Sport				
Democracia	Q7174	2003-03-25	94235	7	63	176224	3256	17905445	5496	3345	3097	0	0	Democracy					
Derechos	Q780687	2006-01-21	23409	3	16	2473	1019	1282140	394	189	292	0	0	Rights					
Desarrollo_económico	Q4530482	2006-02-15	13302	0	10	2003	2545	2455541	754	218	262	0	0	Economic development					
Deriva_continental	Q178605	2004-03-24	19379	4	16	4295	556	3012797	925	511	436	0	0	Continental drift					
Destilación	Q101017	2004-09-28	69304	21	46	4930	4845	3242383	995	404	398	0	0	Distillation					
Desarrollo_sostenible	Q131201	2003-09-15	72365	4	61	27233	3617	7101174	2180	769	749	0	0	Sustainable development					
Dibujo	Q93184	2008-04-02	19232	9	8	4725	730	4151546	1274	902	967	0	0	Drawing	Drawing				
Dibujo_técnico	Q192521	2004-12-27	19351	11	10	3818	1811	3599511	1105	553	561	0	0	Technical drawing					
Disco_(topología)	Q238231	2007-01-24	1842	1	1	2212	466	27753	9	7	7	0	0	Discs					
Disertación	Q1385450	2005-11-07	7092	0	4	1007	1614	649900	199	85	90	0	0						
Diseño	Q82604	2003-10-16	26810	4	27	4575	2196	2227179	684	319	393	0	0	Design					
Diseño_asistido_por_computadora	Q184793	2004-09-24	9329	1	0	1908	2357	833006	256	133	118	0	0	Computer-aided design					
Distribución_de_frecuencias	Q1627586	2006-02-02	4786	1	1	1119	689	2119065	650	175	192	0	0	Frequency distribution					
Diseño_de_producto	Q1043226	2012-07-06	10913	0	8	1053	3173	338214	104	18	12	0	0	Product design					
Diversidad_cultural	Q1338878	2007-04-10	5759	3	9	7800	427	4700412	1443	548	538	0	0	Cultural diversity					
Diversidad_sexual	Q5110203	2008-09-06	6764	0	12	1101	4450	1230520	378	168	135	0	0						
Documento_electrónico	Q694975	2008-08-15	3501	1	0	1503	577	390244	120	61	56	0	0						
Durabilidad	Q10269116	2023-09-25	4276	0	6	0	504	1766	1	2	8	0	0						
Dominación_(sociología)	Q1170080	2014-10-20	15681	0	22	2624	1456	379397	116	58	51	0	0						
Domesticación	Q11395	2005-08-09	51136	8	44	7179	2819	1253725	385	185	220	0	0	Domesticated animals					
Décima	Q109517916	2005-03-21	4391	0	1	2816	3212	1201038	369	193	200	0	0						
Ecuación	Q11345	2003-09-04	48834	6	14	19340	6247	4746414	1457	636	792	0	0	Equations					
Ecúmene	Q838988	2004-10-23	3986	1	3	0	431	295728	91	67	72	0	0						
Edición_de_imágenes	Q545981	2007-07-18	14640	13	0	0	1648	561688	172	64	40	0	0	Image editing					
Edad_de_los_Metales	Q3319076	2006-10-23	64528	39	31	9705	2383	3307860	1015	537	637	1	0	Metal ages					
Editor_de_texto	Q131212	2003-07-10	9297	1	1	946	1776	890507	273	119	100	0	0	Text editor software					
Educación_tecnológica	Q2364107	2007-02-14	54652	5	37	20898	1327	461205	142	48	50	0	0						
Eficiencia	Q1034411	2006-06-04	2735	0	1	2750	700	2572655	790	303	348	0	0	Efficiency					
Ejercicio_aeróbico	Q1152037	2006-08-26	12882	0	9	2138	1317	2080701	639	267	318	0	0	Aerobic exercise	Aerobic exercise				
Eficiencia_económica	Q615445	2008-01-04	50949	1	62	5578	1286	491867	151	51	55	0	0						
Ejercicio_anaeróbico	Q483866	2006-08-26	2798	1	1	1370	611	1680958	516	213	205	0	0						
Elementos_notables_de_un_triángulo	Q778806	2014-04-18	3677	9	0	0	416	156511	48	55	46	0	0	Triangle centers					
Emprendimiento	Q3908516	2010-05-02	70815	4	106	10337	5550	1375282	422	576	703	0	0	Entrepreneurship					
Energías_renovables_en_América_Latina	Q6216634	2013-09-02	14047	2	14	2913	548	4074	1	4	5	0	0						
Encuesta	Q814232	2004-09-25	23114	1	5	459	1057	3964339	1217	607	508	0	0	Survey methodology					
Energía_renovable	Q12705	2003-03-01	70322	15	40	31258	5370	5661805	1738	525	669	0	0	Renewable energy					
Enfermedad_autoinmunitaria	Q8084905	2003-07-22	16671	2	9	611	936	162261	50	55	48	0	0	Autoimmune diseases and disorders					
Entorno_de_escritorio	Q205020	2003-10-06	8347	19	2	1638	2028	254707	78	26	25	0	0	Desktop environments					
Entrenamiento_de_fuerza	Q12834857	2008-01-04	11480	6	0	1293	206	618779	190	51	47	0	0	Strength training					
Equiprobabilidad	Q2742564	2018-03-04	1882	0	3	1103	1469	111522	34	27	23	0	0						
Era_de_la_información	Q956129	2006-10-27	19724	2	16	2624	678	712492	219	108	118	0	0	Information Age					
Escala_(cartografía)	Q193642	2002-10-31	18130	3	6	2203	2770	3969951	1219	377	488	0	0	Scales (ratio)					
Esculturas_de_Porcuna	Q5839490	2009-01-04	16714	2	10	1273	1556	36949	11	12	14	0	0						
Espacio_público	Q294440	2005-09-27	11611	2	2	2305	818	757361	232	99	115	0	0	Public space					
Escultura	Q11634	2002-05-16	95477	76	117	1214	2474	3765210	1156	594	683	0	0	Sculpturing	Sculpture				
Especialización	Q4431071	2011-06-30	5134	0	3	0	717	409636	126	44	54	0	0						
Espermatozoide	Q74560	2003-07-26	20355	6	12	3132	690	2546841	782	340	313	0	0	Spermatozoa					
Estilo_musical	Q11921029	2005-10-27	10364	0	5	2103	658	642033	197	63	61	0	0						
Estereotipo	Q167172	2004-10-28	55723	4	38	3545	2944	6131760	1882	843	774	0	0	Stereotypes	Stereotypes				
Estilo_de_vida	Q32090	2003-10-16	16162	1	14	986	700	1303909	400	127	112	0	0						
Estrategia_de_mercadotecnia	Q1363963	2004-10-14	6967	0	12	0	2203	222302	68	17	28	0	0	Marketing strategy					
Evaluación	Q1379672	2009-08-10	16225	1	17	1553	1389	1512145	464	265	319	0	0	Evaluation					
Estética	Q35986	2004-08-03	24141	1	8	12914	3050	3902620	1198	582	612	0	0	Aesthetics					
Estratificación_social	Q841628	2004-06-29	273635	6	186	4802	3003	2432701	747	409	383	0	0						
Evaluación_de_impacto_ambiental	Q320389	2005-11-05	24628	2	3	1414	3272	882261	271	72	73	0	0	Environmental impact assessment					
Evaluación_de_la_calidad	Q5852578	2004-01-29	3859	0	0	0	627	87367	27	10	10	0	0						
Evaluación_de_proyectos	Q5852582	2006-11-02	20317	1	14	4785	914	922349	283	65	60	0	0						
Evolución_tecnológica	Q1756507	2008-05-18	10657	0	2	0	511	1765807	542	288	1047	0	0						
Experimento_aleatorio	Q3062469	2007-04-24	3480	1	0	40	972	766100	235	104	88	0	0	Experiment (probability theory)					
Expresión_de_género	Q15404978	2021-07-15	11514	9	19	581	803	69109	21	66	64	0	0	Gender expression					
Evolución_humana	Q83944	2002-10-24	84540	7	56	150134	2899	10491807	3220	2121	2170	0	0	Human evolution					
Factores_de_la_comunicación	Q5854436	2006-03-16	12838	1	6	3227	578	1203497	369	204	182	0	0						
Femenino	Q6581072	2002-05-16	4996	1	7	2770	3277	1030137	316	276	258	0	0	Female humans					
Fecundación	Q14890574	2003-09-15	35795	7	8	2230	1279	5021754	1541	530	559	0	0	Fertilisation	Fertilization				
Fagocito	Q107647	2006-01-14	82048	16	130	5970	4899	709148	218	97	100	0	1	Phagocytes					
Feudalismo	Q37739	2003-08-31	62389	14	24	17487	2914	9883852	3034	1643	1649	0	0	Feudalism					
Flexibilidad_(anatomía)	Q852220	2007-09-17	12002	6	2	1554	899	868096	266	212	189	0	0						
Filtración	Q244772	2006-10-28	23450	2	19	656	2541	2799668	859	208	187	0	0	Filtration					
Flujo_incompresible	Q1663717	2005-10-27	21043	0	0	711	1660	482941	148	65	66	0	0						
Folclore	Q36192	2002-02-06	63112	5	10	18247	1767	3979016	1221	719	664	0	0	Folklore					
Folclore_de_Chile	Q5863459	2004-02-13	41108	10	28	4654	3794	854333	262	178	49	0	0						
Forma_musical	Q862597	2004-08-16	48655	0	0	1081	1675	1096705	337	163	153	0	0	Musical form					
Formato_de_archivo	Q235557	2003-07-25	5046	0	0	1637	1269	688829	211	61	78	0	0	File formats					
Fotomontaje	Q828107	2006-12-17	8127	9	0	1624	953	352349	108	45	38	0	0	Photomontages					
Fotografía	Q11633	2002-01-15	74510	25	44	12793	1636	3948109	1212	614	595	0	0	Photography	Photography				
Fracción	Q66055	2002-10-31	30790	4	12	7553	1613	5264115	1616	703	691	0	0	Fractions					
Framework	Q271680	2005-05-07	7408	1	3	2464	1048	1128655	346	126	119	0	0	Software frameworks					
Frecuencia_cardíaca_de_reserva	Q28503133	2016-12-13	2569	0	3	0	1000	53326	16	9	8	0	0						
Frecuencia_estadística	Q762856	2006-01-12	3107	1	1	1480	358	2128357	653	284	401	0	0	Frequency (statistics)					
Fraseo	Q1459435	2008-01-20	13369	3	9	53	368	260547	80	40	39	0	0	Periods and phrases (music)					
Fricción	Q82580	2004-11-09	20016	9	2	4360	1054	3535143	1085	402	446	0	0	Friction					
Fuerza_de_empuje	Q5870714	2010-03-13	3465	0	0	1751	3373	599251	184	85	93	0	0						
Fuerza	Q11402	2001-12-05	48560	8	24	10338	1884	8471987	2600	1252	1364	0	0	Forces (physics)					
Fuerza_muscular	Q24961133	2016-04-23	7183	0	5	14	408	761967	234	124	124	0	0						
Gravedad	Q11412	2001-11-14	41121	9	27	19723	1406	6445342	1978	809	1077	0	0	Gravitation					
Fungi	Q764	2002-01-16	92309	37	103	16193	6585	7328242	2249	1593	1885	0	0	Fungi	Fungi	D.P.R. 14 luglio 1995, n. 376 - Regolamento concernente la disciplina della raccolta e della commercializzazione dei funghi epigei freschi e conservati			
Galería_de_arte	Q1007870	2006-10-12	2953	1	1	0	2527	421728	129	71	79	0	0	Art galleries					
Gas_ideal	Q172280	2005-08-09	19841	0	4	42	2691	1056671	324	121	134	0	0						
Gas	Q11432	2003-07-29	37489	6	11	14	2516	3683506	1131	774	680	0	0	Gases					
Gestión_de_la_calidad	Q757012	2007-05-13	43448	0	14	160	6771	956327	294	52	43	0	0	Quality management					
Gestión_de_residuos	Q180388	2006-12-30	42062	3	11	3433	1025	857365	263	121	139	0	0	Waste management	Waste management				
Gestor_de_proyecto	Q816432	2006-11-10	3000	0	1	172	1640	248204	76	21	23	0	0						
Gremio	Q170161	2004-10-13	21403	5	25	3395	2589	1350735	415	255	245	0	0	Guilds					
Gonorrea	Q101896	2003-12-21	23577	2	30	2550	791	2515445	772	239	220	0	0	Gonorrhea	Gonorrhoea				
Gráfica	Q28923	2005-06-24	4008	0	0	949	883	3971355	1219	476	515	0	0	Charts	Chart				
Género_musical	Q188451	2005-10-27	15293	1	11	57509	1592	3157913	969	426	507	0	0	Musical genres					
Habilidades_del_siglo_XXI	Q25304922	2019-10-30	54742	2	48	2526	7846	97640	30	77	54	0	0	21st-century skills					
Herpes_genital	Q7476596	2017-03-09	30	0	0	0	27	377573	116	6	7	0	0	Genital herpes					
Herramienta	Q39546	2004-10-15	20611	7	12	4912	975	2403714	738	487	392	0	0	Tools					
Herramienta_manual	Q2578402	2006-12-21	17515	17	2	1428	808	1634314	502	213	173	0	0	Hand tools					
Histograma	Q185020	2004-10-07	14200	3	1	2713	2957	3135277	962	345	373	0	0	Histograms	Histogram				
Historia_de_la_escultura	Q2713770	2010-11-01	102562	31	91	2599	3618	798732	245	165	146	0	0	Sculptures by period					
Historia_de_la_tecnología	Q465352	2007-05-08	24277	5	1	4553	1720	2643365	811	500	650	0	0	History of technology					
Hoja_de_cálculo	Q183197	2003-08-29	23775	1	8	1149	519	4046194	1242	390	453	0	0	Spreadsheet software					
Humano	Q5	2006-09-02	29	0	0	0	26	453984	139	88	87	0	0	People					
Iconicidad	Q1483324	2006-10-10	3603	0	0	0	279	116994	36	15	13	0	0						
Icono_cultural	Q3139104	2016-03-31	9583	5	13	4020	560	69023	21	40	42	0	0						
Identidad_sexual	Q1165905	2006-01-06	30640	38	47	9644	1031	1718793	528	324	308	0	0	Sexual identity					
Iluminación_en_fotografía	Q3497127	2005-09-02	35656	20	19	1223	1034	283107	87	32	25	0	0	Photographic lighting					
Iglesia_católica	Q9592	2002-04-26	128000	39	147	38042	4941	8617406	2645	2174	1894	0	0	Catholic Church		Autore:Chiesa cattolica			
Imagen	Q478798	2010-11-21	10657	5	1	1018	2268	2968640	911	713	914	0	0	Images					
Impacto_ambiental	Q2022868	2005-04-24	44670	5	25	18676	821	5135648	1576	721	767	0	0	Environmental impact					
Impacto_tecnológico	Q4115079	2015-11-04	21585	7	11	0	2099	799940	246	107	90	0	0	Technology in society					
Imperio	Q48349	2004-01-01	19674	1	16	18763	2455	1599828	491	363	375	0	0	Empires					
Imperio_bizantino	Q12544	2003-07-18	94380	14	10	30151	5834	6942314	2131	1580	1606	0	0	Byzantine Empire	Byzantine Empire				
Imperio_incaico	Q28573	2003-10-16	195621	74	52	48080	4493	8100594	2486	1735	1388	0	0	Inca Empire					
Incentro	Q10614739	2004-06-08	15169	4	20	1940	1587	479098	147	49	68	0	0	Incenter					
Inecuación	Q165309	2003-11-05	3991	1	1	2003	983	1529097	469	168	224	0	0	Inequalities (mathematics)					
Infecciones_de_transmisión_sexual	Q12198	2003-10-20	33127	6	10	11469	1557	5543515	1702	361	376	0	0	Sexually transmitted diseases and disorders					
Infografía	Q845734	2003-10-20	14100	3	12	15339	1529	3981742	1222	759	1083	0	0	Information graphics					
Información_y_media_literacy	Q6030991	2022-11-01	28564	1	28	0	2091	887	0	1	2	0	0						
Información	Q11028	2003-08-09	30854	2	20	5105	1934	4709365	1445	668	831	0	0	Information	Information				
Infracción_de_derechos_de_autor	Q647578	2001-09-27	26773	2	25	21857	1562	315461	97	35	33	0	0	Product piracy					
Infraestructura_urbana	Q121359	2003-10-16	19283	7	12	1161	2719	544127	167	82	64	0	0	Infrastructure					
Inmunodepresión	Q5916724	2007-06-18	32	0	0	0	29	345404	106	4	4	0	0						
Inmunosupresión	Q1455316	2006-03-01	3757	1	2	255	1261	585480	180	18	27	0	0	Immunosuppressants					
Innovación	Q174165	2005-02-16	29840	4	13	9098	2150	4026654	1236	363	382	0	0	Innovation					
Innovación_abierta	Q1469997	2009-07-22	8919	1	9	0	1355	139310	43	14	18	0	0						
Internet	Q75	2002-03-10	78354	9	77	31969	5007	14510253	4454	1817	1565	0	0	Internet					
Interpretación_musical	Q6942562	2020-10-16	6926	1	0	231	1936	44581	14	35	33	0	0						
Investigación,_desarrollo_e_innovación	Q12176552	2007-10-19	4050	1	3	1015	3141	468570	144	77	89	0	0						
Lana	Q42329	2004-08-23	26703	7	17	1664	1263	1122641	345	209	190	0	0	Wool	Wool				
Islam	Q432	2002-11-02	188741	36	221	41205	9019	10859650	3333	2324	2309	1	0	Islam					
Lenguaje_visual	Q1659648	2007-11-26	9685	3	0	2044	393	859080	264	84	96	0	0						
Levadura	Q45422	2002-12-04	24297	8	22	1970	3178	3254901	999	506	663	0	0	Yeasts					
Ley_de_elasticidad_de_Hooke	Q170282	2005-06-19	21505	2	1	212	1936	2896648	889	421	415	0	0	Hooke's law					
Ley_sobre_composición_nutricional_de_los_alimentos_y_su_publicidad	Q31212677	2017-06-29	24270	2	16	1148	957	29615	9	14	10	0	0						
Liderazgo	Q484275	2004-08-05	37835	2	16	10664	2267	5702705	1750	523	545	0	0	Leadership					
Libertad_de_expresión	Q22692	2005-06-29	68720	3	66	2905	7234	3339667	1025	347	311	0	0	Freedom of speech					
Linfocito_B	Q188930	2003-08-22	35467	8	42	236	1542	1014714	311	116	128	0	0	B cells					
Linfocito_T	Q193529	2004-09-27	34480	10	11	4059	9208	1741032	534	204	233	0	0	T cells					
Localizador_de_recursos_uniforme	Q42253	2001-09-29	10714	2	2	3413	2597	1685174	517	164	149	0	0	Uniform Resource Locator					
Lágrima	Q76469	2006-03-31	13744	2	12	2316	496	463282	142	70	69	0	0	Tears	Tears				
Lápiz	Q14674	2003-11-30	28392	12	20	5684	1885	1827217	561	328	300	0	0	Pencils					
Línea	Q1228250	2006-06-17	3267	10	2	493	2769	2267998	696	262	308	0	0						
Líquido	Q11435	2002-01-16	30254	6	22	2133	1629	3998666	1227	561	554	0	0	Liquid	Liquid				
Macrófago	Q184204	2004-05-02	30414	2	42	2324	653	1527421	469	195	195	0	0	Macrophages					
Madera	Q287	2003-12-10	30346	9	15	6692	536	3000832	921	380	411	0	0	Wood	Wood				
Mantenimiento	Q1043452	2006-04-05	6920	2	3	1691	752	1473413	452	173	180	0	0	Maintenance (activity)					
Mar_Mediterráneo	Q4918	2003-09-27	43017	43	41	8011	2836	3557333	1092	959	966	0	0	Mediterranean Sea	Mediterranean Sea	Mediterraneo			
Marca	Q431289	2008-08-12	25661	1	8	1202	1781	1277371	392	223	279	0	0	Brands					
Marca_(registro)	Q167270	2003-03-06	8872	1	4	5597	1800	853061	262	267	287	0	0	Trademarks					
Martillo	Q25294	2003-11-27	19525	10	9	495	2429	1136105	349	189	161	0	0	Hammers	Hammer				
Masculino	Q6581097	2002-05-16	27126	2	44	2363	359	873523	268	250	277	0	0	Male humans					
Material	Q214609	2004-07-20	11722	4	4	710	1451	2094911	643	325	388	0	0	Materials					
Material_de_construcción	Q206615	2008-10-28	18105	1	3	2216	445	1118204	343	53	91	0	0	Construction materials					
Material_natural	Q3405827	2021-11-28	3403	0	3	0	425	34411	11	44	58	0	0	Natural materials					
Mediana_(estadística)	Q226995	2006-03-08	20148	3	9	1796	627	4379811	1344	531	587	0	0	Median					
Medición	Q12453	2004-03-18	32626	2	12	754	1900	3225730	990	384	394	0	0	Measurement					
Medidas_de_tendencia_central	Q734219	2007-03-09	19520	1	8	4127	1125	3514781	1079	655	635	0	0	Central tendency (statistics)					
Medio_ambiente_natural	Q43619	2003-03-03	67804	27	52	7344	4178	3140718	964	1371	1611	0	0	Environment					
Mensaje_de_texto	Q17166101	2006-12-08	13937	1	13	0	2429	80229	25	36	48	0	0						
Menú_Inicio	Q1064733	2007-02-04	13500	10	14	417	1147	584319	179	52	53	0	0	Start menu (Windows)					
Mercadotecnia_en_medios_sociales	Q267114	2009-05-23	4835	1	2	564	1858	90189	28	11	11	0	0						
Merchandising	Q740777	2004-11-13	12179	2	5	3148	1726	1131531	347	170	190	0	0	Merchandising					
Mesoamérica	Q13703	2003-01-04	137424	49	46	16041	4840	9597565	2946	1381	1131	0	0	Mesoamerica					
Metodología	Q185698	2004-09-06	9713	0	3	3897	996	3266133	1002	384	496	0	0	Methodology					
Metáfora_de_escritorio	Q1048818	2011-07-28	8085	2	3	1170	1582	32345	10	5	5	0	0	Desktop					
Mezcla	Q169336	2003-09-24	18666	3	11	1189	2068	8672731	2662	746	877	0	0	Chemical mixtures					
Microsoft_PowerPoint	Q11266	2004-06-06	20953	4	12	1550	951	6320079	1940	1025	902	0	0	Microsoft PowerPoint					
Moco	Q3649349	2008-01-13	4841	1	4	1484	2502	745627	229	112	115	0	0	Mucus					
Moda_(estadística)	Q188224	2004-10-04	20071	6	10	2357	3764	3255997	999	412	410	0	0	Mode (statistics)					
Moho	Q159341	2004-12-11	18853	9	22	2171	2259	1290534	396	276	327	0	0	Mold (fungus)	Mold				
Monarquía	Q7269	2003-12-30	40300	9	10	12373	3425	4617406	1417	760	820	0	0	Monarchy					
Motor_de_búsqueda	Q4182287	2002-03-03	31689	1	43	5602	1175	2821427	866	324	315	0	0	Internet search engines					
Muestreo_(estadística)	Q49908	2004-09-22	24988	1	10	3698	1675	1831494	562	149	170	0	0	Sampling (statistics)					
Mujeres_artistas	Q1451575	2021-06-29	92764	50	87	0	1942	48692	15	28	39	0	0	Women in art					
Municipio	Q15284	2003-12-20	11915	1	9	1620	2306	2929906	899	618	664	0	0	Municipalities					
Museo	Q33506	2004-04-14	82757	33	28	3503	4191	1320772	405	195	200	0	0	Museums	Museum				
Máquina_(tecnología)	Q11019	2015-05-17	33218	8	25	275	1106	473556	145	166	123	0	0	Machines					
Música_popular	Q373342	2005-10-14	21137	8	4	10306	2462	1562176	479	257	264	0	0	Popular music					
Navegador_web	Q6368	2002-03-20	21740	1	21	3055	2873	5476344	1681	997	696	0	0	Web browsers					
Necesidad	Q190258	2005-08-05	9569	1	4	1051	1037	2244624	689	318	349	0	0	Needs					
Necesidades_humanas_fundamentales	Q3621310	2015-08-29	18550	0	15	46	982	1666013	511	196	400	0	0						
Neolítico	Q36422	2003-12-07	33613	8	16	8533	2531	5475444	1681	1058	1085	0	0	Neolithic					
Neutrófilo	Q188417	2006-07-09	20293	7	3	17	879	1814688	557	327	364	0	0	Neutrophils					
Notación_científica	Q219142	2004-04-08	32281	7	38	17645	1394	4499957	1381	689	682	0	0						
Nucleoide	Q459485	2003-08-07	6672	2	4	318	920	624640	192	105	120	0	0						
Nómada	Q128393	2005-02-11	18712	4	8	1736	2536	3285772	1009	491	456	0	0	Nomads					
Núcleo_celular	Q40260	2002-11-20	77274	12	71	23245	2081	7441426	2284	911	1070	1	0	Cell nucleus					
Número_decimal	Q20154908	2003-10-17	23523	1	12	32605	3072	2332571	716	356	414	0	0						
Número_entero	Q12503	2001-10-21	24556	2	26	16772	2014	8574779	2632	1178	1309	0	0	Integers					
Oocito	Q3246226	2004-08-13	13990	10	12	1325	1269	557689	171	94	84	0	0	Oocytes					
Operando	Q719375	2009-03-13	2484	0	0	193	655	86884	27	10	9	0	0						
Opinión	Q3962655	2018-06-18	10588	2	12	51	236	743331	228	174	185	0	0	Opinion					
Organización	Q43229	2003-08-09	24809	7	10	5622	2474	5528183	1697	689	651	0	0	Organizations					
Organización_social	Q4430243	2008-08-20	5557	1	1	1167	1683	1900230	583	280	311	0	0	Organizations					
Orientación_sexual	Q17888	2004-03-16	125068	7	154	25883	3091	3124981	959	795	335	0	0	Sexual orientation					
Ortocentro	Q10621500	2003-07-24	1965	1	3	673	709	624677	192	73	79	0	0						
Paleolítico	Q40203	2003-10-14	30669	17	20	37735	1579	4901993	1505	870	925	0	1	Paleolithic					
Papel	Q11472	2003-09-10	58280	15	13	8306	577	3610917	1108	399	385	0	0	Paper	Paper				
Paralelismo_(matemática)	Q53875	2003-11-27	25090	10	19	37	1810	1338663	411	183	203	0	0	Parallel lines					
Paralelogramo	Q45867	2002-01-10	19021	6	10	4313	988	3103049	952	379	369	0	0	Parallelograms					
Pared_celular	Q128700	2003-07-16	19503	4	14	619	1398	4035911	1239	479	541	0	0	Cell wall					
Patrimonio	Q2186896	2007-12-02	28463	1	28	2290	557	2962142	909	393	436	0	0	Estate (law)					
Patrimonio_cultural	Q210272	2006-09-05	15529	3	14	4278	923	3494196	1072	463	553	0	0	Cultural heritage					
Patrimonio_cultural_inmaterial_de_la_Humanidad	Q84036549	2008-12-21	37897	58	40	1171	1032	961472	295	181	179	0	0	Intangible Cultural Heritage of Humanity					
Película_fotográfica	Q6293	2003-02-27	13689	3	0	251	987	330353	101	69	71	0	0	Photographic films					
Pensamiento_crítico	Q843894	2006-06-15	75159	2	3	12775	344	2879358	884	375	457	0	0	Critical thinking					
Perpendicularidad	Q205034	2003-11-24	6675	3	0	1266	667	1820494	559	303	338	0	0	Perpendicular					
Persuasión	Q1231428	2009-10-05	12877	1	4	14	1221	1395179	428	217	197	0	0	Persuasion					
Perspectiva	Q1900281	2005-08-22	98217	64	80	3164	5419	2504108	769	474	515	0	0	Perspective					
Peso	Q25288	2003-03-07	19789	7	10	12033	1532	4799766	1473	592	632	0	0	Mass and weight					
Piel	Q1074	2003-04-30	37880	19	31	4079	1236	3502128	1075	372	374	0	0	Skin					
Pintura	Q11629	2007-02-20	59367	32	43	3024	2070	4679659	1436	846	934	0	0	Painting	Painting				
Pintura_digital	Q1225029	2015-02-20	26202	6	19	4567	1334	71908	22	15	13	0	0	Digital art					
Planeamiento_de_proyectos	Q2112558	2007-04-04	7137	0	4	0	462	309224	95	10	12	0	0						
Planeamiento	Q309100	2005-10-30	25340	0	2	5707	755	1471458	452	138	193	0	0	Planning					
Planificación_estratégica	Q932522	2005-02-19	31296	0	3	2310	4756	2452838	753	155	163	0	0	Strategic planning					
Plano_(cinematografía)	Q260899	2005-10-11	15667	9	1	2945	156	21872	7	40	48	0	0	Camera shot types					
Planteamiento_del_problema	Q4374193	2018-06-15	4207	0	8	12	477	442835	136	85	78	0	0						
Planta_(arquitectura)	Q18965	2007-04-01	30062	62	32	1854	5907	496067	152	79	69	0	0	Floor plans	Floor plan				
Plataformas_de_crecimiento	Q5611770	2019-09-26	3759	1	5	1010	332	1520	0	1	1	0	0						
Plástico	Q11474	2003-10-16	43890	13	16	4939	2385	4381334	1345	509	480	0	0	Plastics					
Plástico_biodegradable	Q864487	2009-12-18	11081	4	2	5423	3702	524391	161	39	36	0	0	Biodegradable plastics					
Polifonía	Q179465	2005-09-15	33291	5	21	8157	942	900774	276	147	144	0	0	Polyphony					
Porcentaje	Q11229	2004-08-15	20192	9	8	2781	1629	3752815	1152	623	794	0	0	Percentages					
Potenciación	Q33456	2006-02-04	21671	3	11	9840	619	3870366	1188	637	658	0	0	Exponentiation					
Presentaciones_de_Google	Q46272775	2020-08-30	21469	5	37	74	897	246459	76	115	130	0	0	Google Slides					
Presentación	Q604733	2007-10-16	3695	4	0	358	1812	1205658	370	164	160	0	0	Presentations					
Preservativo_femenino	Q864088	2006-01-28	7866	1	2	2189	1342	738538	227	61	39	0	0	Female condoms					
Preservativo	Q14076	2004-05-14	49924	7	98	32531	2724	2258646	693	264	287	0	0	Condoms					
Presión	Q39552	2003-02-22	18598	5	11	4040	1106	5067965	1556	584	715	0	0	Pressure					
Presión_atmosférica	Q81809	2003-09-18	18824	5	6	10369	3446	5181743	1590	672	732	0	0	Atmospheric pressure	Atmospheric pressure				
Presión_en_un_fluido	Q1149672	2007-05-23	8810	1	2	808	1640	1936880	594	212	228	0	0						
Principio_de_funcionamiento	Q6086694	2011-11-28	642	0	0	510	382	79238	24	12	11	0	0						
Procedimiento_de_construcción	Q21573683	2015-05-17	4774	0	1	0	4325	86749	27	4	3	0	0						
Presión_sanguínea	Q82642	2004-04-08	27281	4	9	11889	3014	1706080	524	198	300	0	0	Blood pressure	Blood pressure				
Procesador_de_texto	Q54277	2007-09-04	21673	5	14	2351	651	3974469	1220	639	524	0	0	Word processors					
Proceso_de_mejora_continua	Q1318104	2008-08-20	6211	0	7	1841	1142	734530	225	62	58	0	0						
Proceso_reversible	Q908691	2006-05-17	3988	1	3	0	2206	230023	71	32	40	0	0	Entropy					
Proceso_tecnológico	Q90257513	2019-10-30	5920	1	4	520	523	397283	122	109	140	0	0						
Producción_(economía)	Q739302	2006-02-16	10686	2	0	3118	1852	2779422	853	313	406	0	0	Production					
Producto_(mercadotecnia)	Q2424752	2004-09-02	12567	1	5	1066	1553	1258107	386	211	251	0	0	Products					
Programa_de_presentación	Q2115026	2003-11-16	4880	1	13	559	225	759613	233	107	101	0	0	Presentation software					
Prokaryota	Q19081	2002-05-17	70417	7	87	3648	3271	1250749	384	267	269	0	0	Procaryota					
Proporcionalidad	Q51379	2006-01-08	19907	7	3	1014	151	3142939	965	304	315	0	0						
Promedio	Q202785	2009-03-22	27487	1	11	1765	1276	337196	103	225	205	0	0						
Proyección_gráfica	Q11259415	2003-10-16	4747	5	1	0	471	533165	164	90	68	0	0	Graphical projection					
Protección_del_medio_ambiente	Q832237	2017-10-17	45417	8	49	214	997	202879	62	124	199	0	0	Environmental protection					
Proyección_isométrica	Q841486	2005-05-19	16445	13	8	2085	1370	1789128	549	360	300	0	0	Isometric projection					
Prueba_científica	Q3320364	2007-03-30	2764	0	0	866	1306	91748	28	33	22	0	0						
Proyecto	Q170584	2005-04-10	11382	1	8	538	2479	4137911	1270	535	625	0	0	Projects					
Publicación_científica	Q591041	2006-08-28	20908	5	12	5703	1449	727139	223	95	92	0	0						
Publicidad	Q37038	2004-08-06	48728	9	18	26680	1233	4532413	1391	438	524	0	0	Advertising	Advertising				
Pueblos_originarios	Q9064330	2006-09-14	5453	2	9	10694	2085	1380854	424	328	532	0	0						
Punto_(geometría)	Q44946	2003-11-24	12308	2	12	1708	1123	3025469	929	306	299	0	0	Points (mathematics)					
Puesta_en_escena	Q2607241	2005-12-19	17532	2	2	918	1057	732004	225	99	102	0	0	Mise-en-scène					
Página_web	Q36774	2003-10-14	8226	1	8	6240	588	4172080	1281	817	1122	0	0						
Rango_(estadística)	Q1165839	2007-03-07	1643	0	0	0	1377	1721927	529	175	177	0	0						
Reacción_irreversible	Q9066946	2009-03-18	6758	0	4	447	300	404043	124	47	44	0	0						
Ratón_(informática)	Q7987	2003-01-31	26268	17	7	86318	1779	3769100	1157	536	587	0	0	Computer mice	Computer mouse				
Reacción_química	Q36534	2003-08-13	21382	4	10	4678	2003	8359309	2566	1017	1289	0	0	Chemical reactions					
Reacción_reversible	Q686980	2007-02-18	9077	1	7	447	209	627792	193	66	52	0	0						
Rechazo_hiperagudo	Q6102651	2013-02-16	5091	0	5	0	2456	19272	6	4	4	0	0						
Reciclaje	Q132580	2004-09-23	21429	9	17	5766	2371	6593268	2024	980	1131	0	0	Recycling					
Paralelismo_(matemática)	Q53875	2003-11-27	25090	10	19	37	1810	1338663	411	183	203	0	0	Parallel lines					
Recurso_energético	Q9067310	2009-07-25	9439	2	0	527	359	1244615	382	106	89	0	0						
Regalo_promocional	Q1042783	2021-01-06	2660	1	2	741	648	2811	1	2	3	0	0	Promotional items					
Regla_de_cálculo	Q190667	2003-11-11	42011	14	6	1627	2194	403814	124	86	88	0	0	Slide rules	Slide rules				
Regla_de_las_tres_erres	Q59616986	2008-05-05	5042	1	1	842	1064	2861221	878	432	510	0	0						
Regla_de_tres	Q1340162	2004-08-04	14947	2	8	569	654	3328910	1022	487	520	0	0	Cross-multiplication					
Reinos_germánicos	Q5402094	2008-01-31	40550	12	6	9401	1921	996414	306	201	208	0	0						
Reproducción	Q11990	2004-08-29	34005	4	24	3052	313	5959382	1829	621	810	0	0	Reproduction					
Resistencia_cardiovascular	Q6106457	2007-05-03	455	0	0	237	401	177061	54	20	34	0	0						
República	Q7270	2003-12-08	63190	18	42	13161	4294	5317739	1632	848	801	0	0	Republic					
Resolución_de_problemas	Q730920	2011-06-29	17750	1	24	2969	1564	1187752	365	137	153	0	0	Problem solving					
Responsabilidad_moral	Q5190255	2006-08-07	8934	0	8	689	2525	324410	100	41	41	0	0						
Responsabilidad_social	Q3427818	2006-09-08	10874	0	10	1932	1062	1797784	552	150	195	0	0						
Reutilización	Q846574	2003-04-28	5063	2	1	22	825	841770	258	116	134	0	0	Waste reuse					
Revolución_neolítica	Q180548	2006-06-03	34882	12	30	44286	4400	1627632	500	301	293	0	0	Neolithic Revolution					
Roca	Q8063	2003-06-28	30408	13	22	1902	4195	2444386	750	413	491	0	0	Rocks					
Roca_metamórfica	Q47069	2005-04-18	20097	22	6	1554	3419	1651644	507	244	325	0	0	Metamorphic rocks	Metamorphic rock				
Roca_sedimentaria	Q82480	2004-03-25	20025	11	4	15	2942	2090908	642	315	410	0	0	Sedimentary rocks	Sedimentary rock				
Roca_ígnea	Q42045	2005-02-14	23405	15	7	1825	1105	2252440	691	352	395	0	0	Igneous rocks	Igneous rock				
Romance_(música)	Q6111379	2012-04-24	2421	0	1	527	1033	56149	17	9	10	0	0						
Rotulador	Q493615	2006-01-30	5380	3	5	0	1784	373506	115	67	66	0	0	Marker pens					
Salud	Q12147	2002-05-03	39374	4	34	7358	568	7686680	2359	1017	1230	0	0	Health					
Sedentarismo_(antropología)	Q1141745	2007-01-30	6461	3	1	667	1067	2273101	698	284	252	0	0						
Seguridad	Q2526135	2008-02-13	20038	1	26	2094	2044	2578362	791	519	558	0	0						
Seguridad_física	Q851598	2018-02-22	5172	0	5	0	769	128456	39	33	41	0	0	Security					
Seguridad_en_la_industria	Q6123913	2005-10-20	16037	0	0	7750	1252	635798	195	32	35	0	0						
Sentimiento	Q205555	2006-02-17	6112	1	3	10141	865	1840818	565	261	376	0	0	Senses					
Servicio_(economía)	Q7406919	2005-03-25	9493	2	0	6348	1646	3086419	947	504	531	0	0	Services					
Servicio_de_red_social	Q3220391	2008-03-02	36537	2	32	21496	1430	4686238	1438	1590	160	0	0	Social networking services					
Seta	Q83093	2003-12-21	23176	4	20	10577	1271	1024118	314	285	312	0	0	Mushrooms					
Sexualidad	Q3043188	2002-05-10	16115	1	13	14359	1078	8469435	2600	1199	1147	0	0	Sexuality					
Sexualidad_humana	Q154136	2003-12-08	81851	7	110	6928	2416	2780874	854	351	485	0	0	Human sexuality					
Sistema	Q58778	2002-05-06	20551	2	15	4571	2359	3718414	1141	613	733	0	0	Systems					
Sistema_tecnológico	Q28501105	2016-07-07	14519	5	13	0	532	206493	63	148	188	0	0						
Sistemas_de_innovación_tecnológica	Q7692527	2015-07-03	6544	0	5	59	404	132229	41	32	38	0	0						
Sistema_inmunitario	Q1059	2003-08-21	114166	8	158	9832	5224	3313244	1017	344	341	1	0	Immune system					
Sistemas_de_producción_(administración)	Q6129866	2011-09-06	10220	0	3	370	1263	261807	80	64	58	0	0						
Software_de_aplicación	Q166142	2003-08-09	21505	3	16	2268	2049	1297997	398	283	263	0	0	Application software					
Sostenibilidad	Q219416	2004-06-13	21271	5	21	12220	3205	2197741	675	311	459	0	0	Sustainability					
Sustancia_química	Q79529	2006-09-30	19098	5	21	10353	2582	2160178	663	347	404	0	0	Chemical substances					
Símbolo_del_reciclaje	Q219534	2017-06-02	2766	2	4	0	1381	178332	55	61	74	0	0	Recycling symbols (3 arrows - folded)					
Sífilis	Q41083	2002-02-05	47370	11	36	49290	880	3867858	1187	453	469	0	0	Syphilis					
Tamizado	Q901870	2008-11-06	2039	0	4	211	1214	1396728	429	110	119	0	0	Sieve analysis (soil sciences)					
Tecla_Insertar	Q391956	2022-08-12	3770	1	2	0	919	8673	3	13	20	0	0						
Tecnología_de_materiales	Q6140109	2004-07-08	9880	0	0	961	325	725551	223	64	68	0	0						
Tecnología	Q11016	2001-09-29	54490	8	25	66632	2685	16022249	4918	1561	1681	0	0	Technology					
Tecnologías_de_la_información_y_la_comunicación	Q5268834	2005-10-07	32284	2	33	30949	1781	8423778	2586	1089	1007	0	0						
Tecnologías_de_la_información_y_la_comunicación_para_la_enseñanza	Q1662468	2013-10-21	22324	6	18	4496	1134	63268	19	12	16	0	0						
Tectónica_de_placas	Q7950	2002-12-16	44851	17	8	5453	5302	4127029	1267	639	559	0	0	Plate tectonics	Tectonic plate				
Tejido_(textil)	Q28823	2004-02-19	27106	7	29	3687	2151	1307936	401	234	206	0	0	Textiles	Textile				
Tempo	Q189214	2004-09-27	21877	5	10	2362	1907	1374740	422	272	263	0	0	Tempo (music)					
Territorio_(subdivisión_de_país)	Q183366	2007-05-22	3569	1	1	0	803	84627	26	44	41	0	0	Territories (subdivision)					
Test_de_Cooper	Q909284	2004-08-31	8083	0	1	912	497	1590975	488	232	343	0	0	Cooper test					
Tiempo_atmosférico	Q11663	2003-10-14	31244	9	39	2739	3754	1737840	533	273	326	0	0	Weather					
Tiempo_y_clima	Q2890371	2013-01-15	11287	4	5	3036	2221	888253	273	179	201	0	0	Weather and climate					
Tijera	Q40847	2005-08-24	21176	7	38	251	2439	629913	193	146	158	0	0	Scissors	Scissors				
Trabajo_en_equipo	Q626225	2005-10-09	11338	2	6	4715	2242	2513874	772	197	286	0	0	Teamwork					
Trapecio_(geometría)	Q46303	2004-04-29	20906	13	25	1622	983	2384640	732	494	545	0	0	Trapezoids					
Trazo_(construcción)	Q6152049	2009-09-22	1274	1	0	0	368	169638	52	22	21	0	0						
Trichomonas_vaginalis	Q132595	2006-08-02	16458	3	10	1782	1562	1317992	405	171	222	0	0	Trichomonas vaginalis					
Turismo_cultural	Q1415049	2007-11-01	13606	1	13	2729	1327	583505	179	45	36	0	0	Cultural tourism					
Turismo	Q49389	2003-01-23	147556	53	150	21555	1179	3942753	1210	454	479	0	0	Tourism					
Técnica	Q2695280	2003-08-09	5449	0	3	0	667	3350122	1028	427	486	0	0	Techniques					
Técnicas_fotográficas	Q1439691	2005-10-11	5178	0	0	0	639	131740	40	12	20	0	0	Photographic techniques					
VIH/sida	Q12199	2003-07-11	66683	9	57	4820	3746	ERROR	ERROR	ERROR	ERROR	0	0	AIDS	AIDS				
Valor_(matemáticas)	Q2912517	2024-01-18	1906	0	2	187	1158	1993	1	ERROR	13	0	0						
Vacuna	Q134808	2004-03-25	41547	8	38	18663	3790	4054338	1244	263	324	0	0	Vaccines	Vaccine				
Vaginitis	Q676191	2006-06-15	12634	0	2	254	651	1307917	401	64	61	0	0	Vaginitis					
Variable_(matemática)	Q50701	2003-10-16	21578	1	10	2013	799	137108	42	136	198	0	0						
Variable_categórica	Q2285707	2016-12-04	2099	0	1	987	1485	149838	46	28	36	0	0						
Variación_(música)	Q214981	2004-10-09	13300	27	5	1721	750	120540	37	29	35	0	0	Variations					
Vasallaje	Q223266	2005-08-03	22781	3	9	3316	993	1183871	363	245	262	0	0						
Vector	Q44528	2004-11-19	42659	30	14	46450	4883	7532117	2312	986	1073	0	0	Vectors					
Virus	Q808	2002-01-05	172814	50	264	18636	8682	9679692	2971	1019	1348	1	0	Viruses	Virus				
Virus_de_la_inmunodeficiencia_humana	Q15787	2003-11-17	89161	11	71	96844	2015	4392352	1348	828	790	0	0	HIV					
Vulvovaginitis_candidiásica	Q977090	2009-03-09	3177	0	1	0	800	123076	38	15	17	0	0	Vaginal yeast infection					
Volcán	Q8072	2004-03-21	50166	26	27	6710	3491	5974210	1834	769	636	0	0	Volcanoes	Volcano				
Ácido_nucleico	Q123619	2003-10-23	28801	12	24	1057	1031	5447408	1672	648	737	0	0	Nucleic acids					
Álgebra_elemental	Q211294	2007-05-05	25368	2	19	1529	2716	846464	260	140	200	0	0	Elementary algebra					
Ángulo_exterior_de_un_polígono	Q356192	2008-04-03	3073	1	0	312	821	690529	212	38	48	0	0	Exterior angles					
Ángulo_interior	Q1156900	2008-04-02	3287	3	0	331	1278	886126	272	95	92	0	0						
